2.025513499975204468e-01 -5.389361977577209473e-01
2.032750397920608521e-01 -5.469176173210144043e-01
2.069932669401168823e-01 -5.621683001518249512e-01
2.140745818614959717e-01 -5.859978795051574707e-01
2.252088636159896851e-01 -6.202728748321533203e-01
2.417973428964614868e-01 -6.685711741447448730e-01
2.671464979648590088e-01 -7.389789819717407227e-01
3.080544769763946533e-01 -8.463765382766723633e-01
3.818082213401794434e-01 -1.022182464599609375e+00
5.503764152526855469e-01 -1.333771944046020508e+00
1.066246986389160156e+00 -1.649776220321655273e+00
1.914824008941650391e+00 -1.299853801727294922e+00
1.181141734123229980e+00 -8.271815776824951172e-01
8.834955096244812012e-01 -6.756111979484558105e-01
7.602798342704772949e-01 -6.146106719970703125e-01
7.009885907173156738e-01 -5.900893807411193848e-01
6.758943796157836914e-01 -5.875990986824035645e-01
6.743865013122558594e-01 -6.028019785881042480e-01
6.942267417907714844e-01 -6.366142034530639648e-01
7.389388084411621094e-01 -6.948243975639343262e-01
8.206330537796020508e-01 -7.925942540168762207e-01
9.687524437904357910e-01 -9.656232595443725586e-01
1.226835727691650391e+00 -1.270389437675476074e+00
1.365165472030639648e+00 -1.436399102210998535e+00
1.108082413673400879e+00 -1.132856726646423340e+00
9.259069561958312988e-01 -9.253799915313720703e-01
8.349621891975402832e-01 -8.226969838142395020e-01
7.946521043777465820e-01 -7.754929065704345703e-01
7.874338030815124512e-01 -7.632296085357666016e-01
8.076552748680114746e-01 -7.791386842727661133e-01
8.566178083419799805e-01 -8.240061998367309570e-01
9.411948919296264648e-01 -9.050559997558593750e-01
1.066578626632690430e+00 -1.030121207237243652e+00
1.198151350021362305e+00 -1.172948122024536133e+00
1.207066178321838379e+00 -1.208345055580139160e+00
1.086394906044006348e+00 -1.106685876846313477e+00
9.699464440345764160e-01 -9.958761930465698242e-01
8.986793160438537598e-01 -9.245731830596923828e-01
8.655734062194824219e-01 -8.895869255065917969e-01
8.625639081001281738e-01 -8.838767409324645996e-01
8.859656453132629395e-01 -9.037911891937255859e-01
9.352547526359558105e-01 -9.482444524765014648e-01
1.006358504295349121e+00 -1.012488484382629395e+00
1.084724903106689453e+00 -1.081591367721557617e+00
1.129187107086181641e+00 -1.117129921913146973e+00
1.108336329460144043e+00 -1.092325687408447266e+00
1.046638846397399902e+00 -1.032350301742553711e+00
9.866805076599121094e-01 -9.764743447303771973e-01
9.465833306312561035e-01 -9.407594203948974609e-01
9.292497634887695312e-01 -9.274801611900329590e-01
