1.000086903572082520e+00 -1.000246882438659668e+00
1.008990287780761719e+00 -1.027581810951232910e+00
1.016446590423583984e+00 -1.055417418479919434e+00
1.021800041198730469e+00 -1.082810521125793457e+00
1.024299621582031250e+00 -1.108136057853698730e+00
1.023328423500061035e+00 -1.130030274391174316e+00
1.018558263778686523e+00 -1.146312236785888672e+00
1.010127902030944824e+00 -1.155945539474487305e+00
9.982169270515441895e-01 -1.158135890960693359e+00
9.837517142295837402e-01 -1.152704358100891113e+00
9.675809144973754883e-01 -1.140429615974426270e+00
9.506418704986572266e-01 -1.122469186782836914e+00
9.340564012527465820e-01 -1.100637197494506836e+00
9.185705780982971191e-01 -1.076530694961547852e+00
9.045248031616210938e-01 -1.051175475120544434e+00
8.926696777343750000e-01 -1.026354193687438965e+00
8.830263614654541016e-01 -1.002478480339050293e+00
8.757239580154418945e-01 -9.800817966461181641e-01
8.707945942878723145e-01 -9.594992399215698242e-01
8.682509660720825195e-01 -9.408751130104064941e-01
8.681105375289916992e-01 -9.244682788848876953e-01
8.703491687774658203e-01 -9.100185036659240723e-01
8.749230504035949707e-01 -8.977185487747192383e-01
8.818578124046325684e-01 -8.874511122703552246e-01
8.911861181259155273e-01 -8.791481256484985352e-01
9.029362797737121582e-01 -8.727583289146423340e-01
9.171990752220153809e-01 -8.682260513305664062e-01
9.337434768676757812e-01 -8.655642271041870117e-01
9.527174234390258789e-01 -8.647034168243408203e-01
9.740898013114929199e-01 -8.655840158462524414e-01
9.977485537528991699e-01 -8.681770563125610352e-01
1.023187279701232910e+00 -8.723508119583129883e-01
1.049999475479125977e+00 -8.780127763748168945e-01
1.077810883522033691e+00 -8.850576281547546387e-01
1.104679465293884277e+00 -8.930729031562805176e-01
1.129939079284667969e+00 -9.019824266433715820e-01
1.151514530181884766e+00 -9.113201498985290527e-01
1.167350053787231445e+00 -9.205839037895202637e-01
1.175891280174255371e+00 -9.294412732124328613e-01
1.176064133644104004e+00 -9.375985264778137207e-01
1.167834758758544922e+00 -9.448572993278503418e-01
1.151955842971801758e+00 -9.513518810272216797e-01
1.129975557327270508e+00 -9.571988582611083984e-01
1.103675127029418945e+00 -9.627155065536499023e-01
1.074887752532958984e+00 -9.681445956230163574e-01
1.045219063758850098e+00 -9.737901091575622559e-01
1.015883088111877441e+00 -9.798629283905029297e-01
9.875593185424804688e-01 -9.865216612815856934e-01
9.605606198310852051e-01 -9.938467741012573242e-01
9.357230067253112793e-01 -1.001742959022521973e+00
