4.001282155513763428e-01 8.001812696456909180e-01
4.199675023555755615e-01 8.279972076416015625e-01
4.559818208217620850e-01 8.764452934265136719e-01
5.165980458259582520e-01 9.514088630676269531e-01
6.203154325485229492e-01 1.061033248901367188e+00
8.106601238250732422e-01 1.208179831504821777e+00
1.172736883163452148e+00 1.341492176055908203e+00
1.544402956962585449e+00 1.241802215576171875e+00
1.275807857513427734e+00 9.496082663536071777e-01
1.012194156646728516e+00 7.914105653762817383e-01
8.773572444915771484e-01 7.221409082412719727e-01
8.099755048751831055e-01 6.967638731002807617e-01
7.819617390632629395e-01 6.993179321289062500e-01
7.824732661247253418e-01 7.260206341743469238e-01
8.100322484970092773e-01 7.790523767471313477e-01
8.696730732917785645e-01 8.680005669593811035e-01
9.716094732284545898e-01 1.008588075637817383e+00
1.115768432617187500e+00 1.201366424560546875e+00
1.200648784637451172e+00 1.301144480705261230e+00
1.115645170211791992e+00 1.166319608688354492e+00
9.963335394859313965e-01 1.001541256904602051e+00
9.184918403625488281e-01 8.978911042213439941e-01
8.792962431907653809e-01 8.434023261070251465e-01
8.701915740966796875e-01 8.241728544235229492e-01
8.863698840141296387e-01 8.330596685409545898e-01
9.265325069427490234e-01 8.684386014938354492e-01
9.898319244384765625e-01 9.309709072113037109e-01
1.067986011505126953e+00 1.016966104507446289e+00
1.127629041671752930e+00 1.099321961402893066e+00
1.121989846229553223e+00 1.126897215843200684e+00
1.056415438652038574e+00 1.086697220802307129e+00
9.824858903884887695e-01 1.023180365562438965e+00
9.292740821838378906e-01 9.708700180053710938e-01
9.015141129493713379e-01 9.393693804740905762e-01
8.978315591812133789e-01 9.295402765274047852e-01
9.155788421630859375e-01 9.392326474189758301e-01
9.519091844558715820e-01 9.653882980346679688e-01
1.001120209693908691e+00 1.002402901649475098e+00
1.050892353057861328e+00 1.039096951484680176e+00
1.079989552497863770e+00 1.057919025421142578e+00
1.073661684989929199e+00 1.048119425773620605e+00
1.040539860725402832e+00 1.018350005149841309e+00
1.001332998275756836e+00 9.860598444938659668e-01
9.710010290145874023e-01 9.634468555450439453e-01
9.541928172111511230e-01 9.539910554885864258e-01
9.517857432365417480e-01 9.580032825469970703e-01
9.626028537750244141e-01 9.739528894424438477e-01
9.831096529960632324e-01 9.978831410408020020e-01
1.006960272789001465e+00 1.022655963897705078e+00
1.025594949722290039e+00 1.039144754409790039e+00
